[
    1,
    2,
    3,
    4,
    5,
    6,
    8,
    9,
    10,
    11,
    12,
    13,
    15,
    16,
    18,
    19,
    20,
    23,
    24,
    26,
    27,
    29,
    30,
    31,
    32,
    33,
    34,
    35,
    36,
    37,
    38,
    40,
    41,
    42,
    43,
    45,
    47,
    48,
    49,
    50,
    52,
    53,
    54,
    55,
    56,
    59,
    61,
    63,
    65,
    66,
    67,
    68,
    69,
    70,
    71,
    72,
    73,
    75,
    76,
    77,
    78,
    79,
    82,
    83,
    84,
    85,
    88,
    89,
    90,
    91,
    92,
    93,
    94,
    95,
    96,
    97,
    98,
    99,
    100,
    101,
    102,
    103,
    104,
    105,
    107,
    108,
    109,
    110,
    112,
    115,
    116,
    117,
    118,
    119,
    120,
    121,
    122,
    123,
    124,
    125,
    126,
    127,
    128,
    131,
    132,
    133,
    134,
    135,
    136,
    139,
    140,
    143,
    144,
    145,
    146,
    147,
    148,
    149,
    150,
    152,
    154,
    155,
    156,
    157,
    158,
    160,
    161,
    163,
    164,
    165,
    166,
    167,
    168,
    170,
    171,
    174,
    175,
    177,
    178,
    179,
    180,
    181,
    182,
    183,
    184,
    186,
    187,
    188,
    189,
    191,
    192,
    193,
    194,
    195,
    197,
    198,
    199,
    200,
    201,
    202,
    203,
    204,
    205,
    206,
    207,
    208,
    209,
    211,
    212,
    214,
    215,
    216,
    217,
    218,
    219,
    220,
    221,
    222,
    223,
    224,
    225,
    226,
    227,
    228,
    229,
    230,
    231,
    232,
    233,
    234,
    235,
    236,
    237,
    240,
    241,
    242,
    243,
    244,
    245,
    246,
    247,
    248,
    249,
    250,
    251,
    252,
    253,
    254,
    255
]