[
    1,
    2,
    3,
    4,
    5,
    7,
    9,
    10,
    11,
    12,
    13,
    16,
    17,
    18,
    21,
    22,
    24,
    25,
    26,
    27,
    29,
    32,
    33,
    34,
    35,
    36,
    37,
    38,
    39,
    40,
    41,
    42,
    43,
    44,
    45,
    46,
    47,
    49,
    50,
    51,
    53,
    54,
    55,
    57,
    58,
    59,
    60,
    61,
    63,
    64,
    65,
    66,
    67,
    68,
    69,
    70,
    71,
    73,
    74,
    75,
    76,
    77,
    78,
    79,
    80,
    81,
    82,
    84,
    85,
    86,
    87,
    88,
    89,
    91,
    92,
    93,
    94,
    95,
    98,
    99,
    102,
    103,
    104,
    105,
    108,
    110,
    112,
    114,
    115,
    117,
    118,
    120,
    121,
    123,
    124,
    127,
    128,
    129,
    130,
    131,
    132,
    133,
    134,
    135,
    136,
    137,
    138,
    139,
    140,
    141,
    142,
    143,
    144,
    145,
    146,
    147,
    148,
    149,
    150,
    151,
    153,
    154,
    156,
    157,
    158,
    160,
    161,
    162,
    163,
    165,
    166,
    167,
    169,
    170,
    171,
    173,
    176,
    177,
    178,
    179,
    182,
    187,
    189,
    190,
    191,
    193,
    194,
    195,
    197,
    198,
    200,
    201,
    202,
    205,
    206,
    207,
    208,
    209,
    212,
    213,
    214,
    215,
    216,
    218,
    219,
    220,
    223,
    224,
    225,
    226,
    227,
    228,
    229,
    230,
    231,
    232,
    233,
    235,
    236,
    238,
    239,
    240,
    241,
    242,
    243,
    244,
    245,
    246,
    247,
    248,
    249,
    250,
    251,
    252,
    253,
    255
]