[
    1,
    2,
    4,
    7,
    8,
    9,
    10,
    11,
    19,
    21,
    22,
    23,
    29,
    31,
    32,
    36,
    38,
    39,
    41,
    42,
    44,
    45,
    50,
    55,
    56,
    59,
    63,
    65,
    67,
    68,
    70,
    73,
    76,
    78,
    80,
    82,
    90,
    92,
    94,
    99,
    100,
    102,
    104,
    113,
    114,
    115,
    119,
    120,
    121,
    122,
    127,
    129,
    132,
    133,
    137,
    139,
    140,
    144,
    149,
    151,
    154,
    158,
    159,
    161,
    166,
    168,
    170,
    173,
    175,
    181,
    182,
    183,
    184,
    185,
    187,
    188,
    190,
    191,
    192,
    197,
    198,
    199,
    201,
    202,
    203,
    205,
    206,
    207,
    209,
    211,
    212,
    214,
    219,
    220,
    223,
    224,
    228,
    229,
    230,
    233,
    238,
    240,
    241,
    243,
    248,
    249,
    251,
    252,
    255
]