[
    1,
    5,
    9,
    10,
    11,
    15,
    24,
    25,
    28,
    29,
    35,
    39,
    45,
    48,
    50,
    63,
    67,
    70,
    71,
    84,
    85,
    93,
    95,
    98,
    99,
    101,
    108,
    115,
    119,
    120,
    123,
    129,
    133,
    149,
    150,
    163,
    164,
    169,
    170,
    179,
    181,
    186,
    187,
    188,
    193,
    195,
    196,
    197,
    199,
    202,
    209,
    213,
    220,
    221,
    224,
    233,
    240,
    244,
    245,
    246,
    250,
    251,
    252,
    255
]